(kicad_pcb (version 20171130) (host pcbnew 5.0.1)

  (general
    (thickness 1.6)
    (drawings 12)
    (tracks 826)
    (zones 0)
    (modules 61)
    (nets 86)
  )

  (page A4)
  (layers
    (0 F.Cu signal)
    (31 B.Cu signal)
    (32 B.Adhes user hide)
    (33 F.Adhes user hide)
    (34 B.Paste user hide)
    (35 F.Paste user hide)
    (36 B.SilkS user)
    (37 F.SilkS user)
    (38 B.Mask user hide)
    (39 F.Mask user hide)
    (40 Dwgs.User user)
    (41 Cmts.User user)
    (42 Eco1.User user hide)
    (43 Eco2.User user hide)
    (44 Edge.Cuts user)
    (45 Margin user hide)
    (46 B.CrtYd user)
    (47 F.CrtYd user)
    (48 B.Fab user hide)
    (49 F.Fab user hide)
  )

  (setup
    (last_trace_width 0.25)
    (trace_clearance 0.2)
    (zone_clearance 0.508)
    (zone_45_only no)
    (trace_min 0.2)
    (segment_width 0.2)
    (edge_width 0.2)
    (via_size 0.8)
    (via_drill 0.4)
    (via_min_size 0.4)
    (via_min_drill 0.3)
    (uvia_size 0.3)
    (uvia_drill 0.1)
    (uvias_allowed no)
    (uvia_min_size 0.2)
    (uvia_min_drill 0.1)
    (pcb_text_width 0.3)
    (pcb_text_size 1.5 1.5)
    (mod_edge_width 0.15)
    (mod_text_size 1 1)
    (mod_text_width 0.15)
    (pad_size 1.524 1.524)
    (pad_drill 0.762)
    (pad_to_mask_clearance 0.2)
    (solder_mask_min_width 0.25)
    (aux_axis_origin 0 0)
    (visible_elements FFFFFF7F)
    (pcbplotparams
      (layerselection 0x010fc_ffffffff)
      (usegerberextensions false)
      (usegerberattributes false)
      (usegerberadvancedattributes false)
      (creategerberjobfile false)
      (excludeedgelayer true)
      (linewidth 0.100000)
      (plotframeref false)
      (viasonmask false)
      (mode 1)
      (useauxorigin false)
      (hpglpennumber 1)
      (hpglpenspeed 20)
      (hpglpendiameter 15.000000)
      (psnegative false)
      (psa4output false)
      (plotreference true)
      (plotvalue true)
      (plotinvisibletext false)
      (padsonsilk false)
      (subtractmaskfromsilk false)
      (outputformat 1)
      (mirror false)
      (drillshape 1)
      (scaleselection 1)
      (outputdirectory ""))
  )

  (net 0 "")
  (net 1 /DB0)
  (net 2 /DB1)
  (net 3 /DB2)
  (net 4 /DB3)
  (net 5 /DB4)
  (net 6 /DB5)
  (net 7 /DB6)
  (net 8 /DB7)
  (net 9 GNDD)
  (net 10 +3V3)
  (net 11 /RS)
  (net 12 /WR)
  (net 13 /RD)
  (net 14 /CS)
  (net 15 /F_CS)
  (net 16 /T_CLK)
  (net 17 /T_CS)
  (net 18 /T_DIN)
  (net 19 /T_DO)
  (net 20 /T_IRQ)
  (net 21 /SD_DO)
  (net 22 /SD_CLK)
  (net 23 /SD_DIN)
  (net 24 /SD_CS)
  (net 25 /BCKL)
  (net 26 /NRST)
  (net 27 /DB15)
  (net 28 /DB14)
  (net 29 /DB13)
  (net 30 /DB12)
  (net 31 /DB11)
  (net 32 /DB10)
  (net 33 /DB9)
  (net 34 /DB8)
  (net 35 "Net-(J12-Pad3)")
  (net 36 "Net-(J12-Pad18)")
  (net 37 "Net-(J12-Pad20)")
  (net 38 "Net-(J12-Pad32)")
  (net 39 "Net-(J12-Pad39)")
  (net 40 "Net-(J12-Pad40)")
  (net 41 "Net-(C2-Pad1)")
  (net 42 "Net-(C2-Pad2)")
  (net 43 "Net-(C3-Pad2)")
  (net 44 "Net-(C3-Pad1)")
  (net 45 /OSC_IN)
  (net 46 /OSC_OUT)
  (net 47 /OSC32_IN)
  (net 48 /OSC32_OUT)
  (net 49 +5V)
  (net 50 /IN_R)
  (net 51 /IN_L)
  (net 52 /MUTE)
  (net 53 /STBY)
  (net 54 /TX)
  (net 55 /RX)
  (net 56 "Net-(J4-Pad3)")
  (net 57 "Net-(J4-Pad2)")
  (net 58 /RX2)
  (net 59 /TX2)
  (net 60 /TX3)
  (net 61 /RX3)
  (net 62 /IR)
  (net 63 "Net-(J8-Pad3)")
  (net 64 "Net-(J8-Pad4)")
  (net 65 /BTN_0)
  (net 66 /BTN_1)
  (net 67 /BTN_2)
  (net 68 /BTN_3)
  (net 69 /BTN_4)
  (net 70 /BTN_5)
  (net 71 /ENC_B)
  (net 72 /ENC_A)
  (net 73 /SCL)
  (net 74 /SDA)
  (net 75 /HW_RST)
  (net 76 /USB_DM)
  (net 77 /USB_DP)
  (net 78 "Net-(R4-Pad2)")
  (net 79 "Net-(R5-Pad2)")
  (net 80 "Net-(R6-Pad2)")
  (net 81 /SP_R)
  (net 82 /SP_L)
  (net 83 /BOOT0)
  (net 84 /SCK)
  (net 85 /VBAT)

  (net_class Default "Это класс цепей по умолчанию."
    (clearance 0.2)
    (trace_width 0.25)
    (via_dia 0.8)
    (via_drill 0.4)
    (uvia_dia 0.3)
    (uvia_drill 0.1)
    (add_net /BCKL)
    (add_net /BOOT0)
    (add_net /BTN_0)
    (add_net /BTN_1)
    (add_net /BTN_2)
    (add_net /BTN_3)
    (add_net /BTN_4)
    (add_net /BTN_5)
    (add_net /CS)
    (add_net /DB0)
    (add_net /DB1)
    (add_net /DB10)
    (add_net /DB11)
    (add_net /DB12)
    (add_net /DB13)
    (add_net /DB14)
    (add_net /DB15)
    (add_net /DB2)
    (add_net /DB3)
    (add_net /DB4)
    (add_net /DB5)
    (add_net /DB6)
    (add_net /DB7)
    (add_net /DB8)
    (add_net /DB9)
    (add_net /ENC_A)
    (add_net /ENC_B)
    (add_net /F_CS)
    (add_net /HW_RST)
    (add_net /IN_L)
    (add_net /IN_R)
    (add_net /IR)
    (add_net /MUTE)
    (add_net /NRST)
    (add_net /OSC32_IN)
    (add_net /OSC32_OUT)
    (add_net /OSC_IN)
    (add_net /OSC_OUT)
    (add_net /RD)
    (add_net /RS)
    (add_net /RX)
    (add_net /RX2)
    (add_net /RX3)
    (add_net /SCK)
    (add_net /SCL)
    (add_net /SDA)
    (add_net /SD_CLK)
    (add_net /SD_CS)
    (add_net /SD_DIN)
    (add_net /SD_DO)
    (add_net /SP_L)
    (add_net /SP_R)
    (add_net /STBY)
    (add_net /TX)
    (add_net /TX2)
    (add_net /TX3)
    (add_net /T_CLK)
    (add_net /T_CS)
    (add_net /T_DIN)
    (add_net /T_DO)
    (add_net /T_IRQ)
    (add_net /USB_DM)
    (add_net /USB_DP)
    (add_net /WR)
    (add_net GNDD)
    (add_net "Net-(C2-Pad1)")
    (add_net "Net-(C2-Pad2)")
    (add_net "Net-(C3-Pad1)")
    (add_net "Net-(C3-Pad2)")
    (add_net "Net-(J12-Pad18)")
    (add_net "Net-(J12-Pad20)")
    (add_net "Net-(J12-Pad3)")
    (add_net "Net-(J12-Pad32)")
    (add_net "Net-(J12-Pad39)")
    (add_net "Net-(J12-Pad40)")
    (add_net "Net-(J4-Pad2)")
    (add_net "Net-(J4-Pad3)")
    (add_net "Net-(J8-Pad3)")
    (add_net "Net-(J8-Pad4)")
    (add_net "Net-(R4-Pad2)")
    (add_net "Net-(R5-Pad2)")
    (add_net "Net-(R6-Pad2)")
  )

  (net_class Power ""
    (clearance 0.2)
    (trace_width 0.4)
    (via_dia 0.8)
    (via_drill 0.4)
    (uvia_dia 0.3)
    (uvia_drill 0.1)
    (add_net +3V3)
    (add_net +5V)
    (add_net /VBAT)
  )

  (module ampcontrol-f103:PinSocket_2x20_P2.54mm_Vertical_Top_Bottom (layer F.Cu) (tedit 5C0438D4) (tstamp 5C3B82D1)
    (at 96.52 80.01)
    (descr "Through hole straight socket strip, 2x20, 2.54mm pitch, double cols (from Kicad 4.0.7), script generated")
    (tags "Through hole socket strip THT 2x20 2.54mm double row")
    (path /5C047533)
    (fp_text reference J12 (at -1.27 -2.77) (layer F.SilkS)
      (effects (font (size 1 1) (thickness 0.15)))
    )
    (fp_text value TFT (at -1.27 51.03) (layer F.Fab)
      (effects (font (size 1 1) (thickness 0.15)))
    )
    (fp_line (start 1.27 -1.297414) (end -2.81 -1.297414) (layer F.Fab) (width 0.1))
    (fp_line (start -2.81 -1.297414) (end -3.81 -0.297414) (layer F.Fab) (width 0.1))
    (fp_line (start -3.81 -0.297414) (end -3.81 49.502586) (layer F.Fab) (width 0.1))
    (fp_line (start -3.81 49.502586) (end 1.27 49.502586) (layer F.Fab) (width 0.1))
    (fp_line (start 1.27 49.502586) (end 1.27 -1.297414) (layer F.Fab) (width 0.1))
    (fp_line (start 1.33 -1.357414) (end -1.27 -1.357414) (layer F.SilkS) (width 0.12))
    (fp_line (start 1.33 -1.357414) (end 1.33 49.562586) (layer F.SilkS) (width 0.12))
    (fp_line (start 1.33 49.562586) (end -3.87 49.562586) (layer F.SilkS) (width 0.12))
    (fp_line (start -3.87 1.242586) (end -3.87 49.562586) (layer F.SilkS) (width 0.12))
    (fp_line (start -1.27 1.242586) (end -3.87 1.242586) (layer F.SilkS) (width 0.12))
    (fp_line (start -1.27 -1.357414) (end -1.27 1.242586) (layer F.SilkS) (width 0.12))
    (fp_line (start -3.87 -1.357414) (end -3.87 -0.027414) (layer F.SilkS) (width 0.12))
    (fp_line (start -2.54 -1.357414) (end -3.87 -1.357414) (layer F.SilkS) (width 0.12))
    (fp_line (start -4.34 -1.8) (end 1.76 -1.8) (layer F.CrtYd) (width 0.05))
    (fp_line (start 1.76 -1.8) (end 1.76 50) (layer F.CrtYd) (width 0.05))
    (fp_line (start 1.76 50) (end -4.34 50) (layer F.CrtYd) (width 0.05))
    (fp_line (start -4.34 50) (end -4.34 -1.8) (layer F.CrtYd) (width 0.05))
    (fp_text user %R (at -1.27 24.102586 90) (layer F.Fab)
      (effects (font (size 1 1) (thickness 0.15)))
    )
    (pad 1 thru_hole rect (at -2.54 -0.027414) (size 1.7 1.7) (drill 1) (layers *.Cu *.Mask)
      (net 9 GNDD))
    (pad 2 thru_hole oval (at -2.54 2.512586) (size 1.7 1.7) (drill 1) (layers *.Cu *.Mask)
      (net 10 +3V3))
    (pad 3 thru_hole oval (at -2.54 5.052586) (size 1.7 1.7) (drill 1) (layers *.Cu *.Mask)
      (net 35 "Net-(J12-Pad3)"))
    (pad 4 thru_hole oval (at -2.54 7.592586) (size 1.7 1.7) (drill 1) (layers *.Cu *.Mask)
      (net 11 /RS))
    (pad 5 thru_hole oval (at -2.54 10.132586) (size 1.7 1.7) (drill 1) (layers *.Cu *.Mask)
      (net 12 /WR))
    (pad 6 thru_hole oval (at -2.54 12.672586) (size 1.7 1.7) (drill 1) (layers *.Cu *.Mask)
      (net 13 /RD))
    (pad 7 thru_hole oval (at -2.54 15.212586) (size 1.7 1.7) (drill 1) (layers *.Cu *.Mask)
      (net 34 /DB8))
    (pad 8 thru_hole oval (at -2.54 17.752586) (size 1.7 1.7) (drill 1) (layers *.Cu *.Mask)
      (net 33 /DB9))
    (pad 9 thru_hole oval (at -2.54 20.292586) (size 1.7 1.7) (drill 1) (layers *.Cu *.Mask)
      (net 32 /DB10))
    (pad 10 thru_hole oval (at -2.54 22.832586) (size 1.7 1.7) (drill 1) (layers *.Cu *.Mask)
      (net 31 /DB11))
    (pad 11 thru_hole oval (at -2.54 25.372586) (size 1.7 1.7) (drill 1) (layers *.Cu *.Mask)
      (net 30 /DB12))
    (pad 12 thru_hole oval (at -2.54 27.912586) (size 1.7 1.7) (drill 1) (layers *.Cu *.Mask)
      (net 29 /DB13))
    (pad 13 thru_hole oval (at -2.54 30.452586) (size 1.7 1.7) (drill 1) (layers *.Cu *.Mask)
      (net 28 /DB14))
    (pad 14 thru_hole oval (at -2.54 32.992586) (size 1.7 1.7) (drill 1) (layers *.Cu *.Mask)
      (net 27 /DB15))
    (pad 15 thru_hole oval (at -2.54 35.532586) (size 1.7 1.7) (drill 1) (layers *.Cu *.Mask)
      (net 14 /CS))
    (pad 16 thru_hole oval (at -2.54 38.072586) (size 1.7 1.7) (drill 1) (layers *.Cu *.Mask)
      (net 15 /F_CS))
    (pad 17 thru_hole oval (at -2.54 40.612586) (size 1.7 1.7) (drill 1) (layers *.Cu *.Mask)
      (net 26 /NRST))
    (pad 18 thru_hole oval (at -2.54 43.152586) (size 1.7 1.7) (drill 1) (layers *.Cu *.Mask)
      (net 36 "Net-(J12-Pad18)"))
    (pad 19 thru_hole oval (at -2.54 45.692586) (size 1.7 1.7) (drill 1) (layers *.Cu *.Mask)
      (net 25 /BCKL))
    (pad 20 thru_hole oval (at -2.54 48.232586) (size 1.7 1.7) (drill 1) (layers *.Cu *.Mask)
      (net 37 "Net-(J12-Pad20)"))
    (pad 21 thru_hole oval (at 0 -0.027414) (size 1.7 1.7) (drill 1) (layers *.Cu *.Mask)
      (net 1 /DB0))
    (pad 22 thru_hole oval (at 0 2.512586) (size 1.7 1.7) (drill 1) (layers *.Cu *.Mask)
      (net 2 /DB1))
    (pad 23 thru_hole oval (at 0 5.052586) (size 1.7 1.7) (drill 1) (layers *.Cu *.Mask)
      (net 3 /DB2))
    (pad 24 thru_hole oval (at 0 7.592586) (size 1.7 1.7) (drill 1) (layers *.Cu *.Mask)
      (net 4 /DB3))
    (pad 25 thru_hole oval (at 0 10.132586) (size 1.7 1.7) (drill 1) (layers *.Cu *.Mask)
      (net 5 /DB4))
    (pad 26 thru_hole oval (at 0 12.672586) (size 1.7 1.7) (drill 1) (layers *.Cu *.Mask)
      (net 6 /DB5))
    (pad 27 thru_hole oval (at 0 15.212586) (size 1.7 1.7) (drill 1) (layers *.Cu *.Mask)
      (net 7 /DB6))
    (pad 28 thru_hole oval (at 0 17.752586) (size 1.7 1.7) (drill 1) (layers *.Cu *.Mask)
      (net 8 /DB7))
    (pad 29 thru_hole oval (at 0 20.292586) (size 1.7 1.7) (drill 1) (layers *.Cu *.Mask)
      (net 16 /T_CLK))
    (pad 30 thru_hole oval (at 0 22.832586) (size 1.7 1.7) (drill 1) (layers *.Cu *.Mask)
      (net 17 /T_CS))
    (pad 31 thru_hole oval (at 0 25.372586) (size 1.7 1.7) (drill 1) (layers *.Cu *.Mask)
      (net 18 /T_DIN))
    (pad 32 thru_hole oval (at 0 27.912586) (size 1.7 1.7) (drill 1) (layers *.Cu *.Mask)
      (net 38 "Net-(J12-Pad32)"))
    (pad 33 thru_hole oval (at 0 30.452586) (size 1.7 1.7) (drill 1) (layers *.Cu *.Mask)
      (net 19 /T_DO))
    (pad 34 thru_hole oval (at 0 32.992586) (size 1.7 1.7) (drill 1) (layers *.Cu *.Mask)
      (net 20 /T_IRQ))
    (pad 35 thru_hole oval (at 0 35.532586) (size 1.7 1.7) (drill 1) (layers *.Cu *.Mask)
      (net 21 /SD_DO))
    (pad 36 thru_hole oval (at 0 38.072586) (size 1.7 1.7) (drill 1) (layers *.Cu *.Mask)
      (net 22 /SD_CLK))
    (pad 37 thru_hole oval (at 0 40.612586) (size 1.7 1.7) (drill 1) (layers *.Cu *.Mask)
      (net 23 /SD_DIN))
    (pad 38 thru_hole oval (at 0 43.152586) (size 1.7 1.7) (drill 1) (layers *.Cu *.Mask)
      (net 24 /SD_CS))
    (pad 39 thru_hole oval (at 0 45.692586) (size 1.7 1.7) (drill 1) (layers *.Cu *.Mask)
      (net 39 "Net-(J12-Pad39)"))
    (pad 40 thru_hole oval (at 0 48.232586) (size 1.7 1.7) (drill 1) (layers *.Cu *.Mask)
      (net 40 "Net-(J12-Pad40)"))
    (model ${KISYS3DMOD}/Connector_PinSocket_2.54mm.3dshapes/PinSocket_2x20_P2.54mm_Vertical.wrl
      (at (xyz 0 0 0))
      (scale (xyz 1 1 1))
      (rotate (xyz 0 0 0))
    )
  )

  (module Battery:BatteryHolder_Keystone_103_1x20mm (layer B.Cu) (tedit 5787C32C) (tstamp 5C5D6FE3)
    (at 140.8 121.92)
    (descr http://www.keyelco.com/product-pdf.cfm?p=719)
    (tags "Keystone type 103 battery holder")
    (path /5CB11A02)
    (fp_text reference BT1 (at 0 4.3) (layer B.SilkS)
      (effects (font (size 1 1) (thickness 0.15)) (justify mirror))
    )
    (fp_text value 3.3V (at 15 -13) (layer B.Fab)
      (effects (font (size 1 1) (thickness 0.15)) (justify mirror))
    )
    (fp_text user + (at 2.75 0) (layer B.SilkS)
      (effects (font (size 1.5 1.5) (thickness 0.15)) (justify mirror))
    )
    (fp_text user %R (at 0 0) (layer B.Fab)
      (effects (font (size 1 1) (thickness 0.15)) (justify mirror))
    )
    (fp_arc (start 15.2 0) (end 4.01 -3.6) (angle 162.5) (layer B.CrtYd) (width 0.05))
    (fp_arc (start 15.2 0) (end 4.01 3.6) (angle -162.5) (layer B.CrtYd) (width 0.05))
    (fp_arc (start 3.5 -3.8) (end 3.5 -3.25) (angle -70) (layer B.CrtYd) (width 0.05))
    (fp_arc (start 3.5 3.8) (end 3.5 3.25) (angle 70) (layer B.CrtYd) (width 0.05))
    (fp_arc (start 15.2 0) (end 4.25 -3.5) (angle 162.5) (layer B.SilkS) (width 0.12))
    (fp_arc (start 3.5 -3.8) (end 3.5 -3) (angle -70) (layer B.SilkS) (width 0.12))
    (fp_arc (start 15.2 0) (end 4.25 3.5) (angle -162.5) (layer B.SilkS) (width 0.12))
    (fp_arc (start 3.5 3.8) (end 3.5 3) (angle 70) (layer B.SilkS) (width 0.12))
    (fp_arc (start 3.5 -3.8) (end 3.5 -2.9) (angle -70) (layer B.Fab) (width 0.1))
    (fp_arc (start 15.2 0) (end 4.35 -3.5) (angle 162.5) (layer B.Fab) (width 0.1))
    (fp_arc (start 15.2 0) (end 4.35 3.5) (angle -162.5) (layer B.Fab) (width 0.1))
    (fp_arc (start 15.2 0) (end 5.2 -1.3) (angle 180) (layer B.Fab) (width 0.1))
    (fp_line (start -2.45 3.25) (end 3.5 3.25) (layer B.CrtYd) (width 0.05))
    (fp_line (start -2.45 -3.25) (end 3.5 -3.25) (layer B.CrtYd) (width 0.05))
    (fp_line (start -2.45 -3.25) (end -2.45 3.25) (layer B.CrtYd) (width 0.05))
    (fp_line (start -2.2 3) (end 3.5 3) (layer B.SilkS) (width 0.12))
    (fp_line (start -2.2 -3) (end -2.2 3) (layer B.SilkS) (width 0.12))
    (fp_line (start -2.2 -3) (end 3.5 -3) (layer B.SilkS) (width 0.12))
    (fp_arc (start 15.2 0) (end 9 -1.3) (angle 170) (layer B.Fab) (width 0.1))
    (fp_arc (start 15.2 0) (end 13.3 -1.3) (angle 150) (layer B.Fab) (width 0.1))
    (fp_line (start 23.5712 -7.7216) (end 22.6568 -6.8834) (layer B.Fab) (width 0.1))
    (fp_line (start 23.5712 7.7216) (end 22.6314 6.858) (layer B.Fab) (width 0.1))
    (fp_arc (start 15.2 0) (end 13.3 1.3) (angle -150) (layer B.Fab) (width 0.1))
    (fp_arc (start 15.2 0) (end 9 1.3) (angle -170) (layer B.Fab) (width 0.1))
    (fp_arc (start 15.2 0) (end 5.2 1.3) (angle -180) (layer B.Fab) (width 0.1))
    (fp_line (start 3.5306 2.9) (end -1.7 2.9) (layer B.Fab) (width 0.1))
    (fp_line (start -1.7 -2.9) (end 3.5306 -2.9) (layer B.Fab) (width 0.1))
    (fp_line (start -2.1 2.5) (end -2.1 -2.5) (layer B.Fab) (width 0.1))
    (fp_line (start 0 -1.3) (end 16.2 -1.3) (layer B.Fab) (width 0.1))
    (fp_line (start 16.2 1.3) (end 0 1.3) (layer B.Fab) (width 0.1))
    (fp_arc (start 3.5 3.8) (end 3.5 2.9) (angle 70) (layer B.Fab) (width 0.1))
    (fp_arc (start 16.2 0) (end 16.2 1.3) (angle -180) (layer B.Fab) (width 0.1))
    (fp_line (start 0 1.3) (end 0 -1.3) (layer B.Fab) (width 0.1))
    (fp_arc (start -1.7 -2.5) (end -2.1 -2.5) (angle 90) (layer B.Fab) (width 0.1))
    (fp_arc (start -1.7 2.5) (end -2.1 2.5) (angle -90) (layer B.Fab) (width 0.1))
    (pad 2 thru_hole circle (at 20.49 0) (size 3 3) (drill 1.5) (layers *.Cu *.Mask)
      (net 9 GNDD))
    (pad 1 thru_hole rect (at 0 0) (size 3 3) (drill 1.5) (layers *.Cu *.Mask)
      (net 85 /VBAT))
    (model ${KISYS3DMOD}/Battery.3dshapes/BatteryHolder_Keystone_103_1x20mm.wrl
      (at (xyz 0 0 0))
      (scale (xyz 1 1 1))
      (rotate (xyz 0 0 0))
    )
  )

  (module Capacitor_SMD:C_1206_3216Metric (layer F.Cu) (tedit 5B301BBE) (tstamp 5C5ED3F6)
    (at 111.63 80.01 180)
    (descr "Capacitor SMD 1206 (3216 Metric), square (rectangular) end terminal, IPC_7351 nominal, (Body size source: http://www.tortai-tech.com/upload/download/2011102023233369053.pdf), generated with kicad-footprint-generator")
    (tags capacitor)
    (path /5C5521B6)
    (attr smd)
    (fp_text reference C1 (at 0 -1.82 180) (layer F.SilkS)
      (effects (font (size 1 1) (thickness 0.15)))
    )
    (fp_text value 0.22 (at 0 1.82 180) (layer F.Fab)
      (effects (font (size 1 1) (thickness 0.15)))
    )
    (fp_text user %R (at 0 0 180) (layer F.Fab)
      (effects (font (size 0.8 0.8) (thickness 0.12)))
    )
    (fp_line (start 2.28 1.12) (end -2.28 1.12) (layer F.CrtYd) (width 0.05))
    (fp_line (start 2.28 -1.12) (end 2.28 1.12) (layer F.CrtYd) (width 0.05))
    (fp_line (start -2.28 -1.12) (end 2.28 -1.12) (layer F.CrtYd) (width 0.05))
    (fp_line (start -2.28 1.12) (end -2.28 -1.12) (layer F.CrtYd) (width 0.05))
    (fp_line (start -0.602064 0.91) (end 0.602064 0.91) (layer F.SilkS) (width 0.12))
    (fp_line (start -0.602064 -0.91) (end 0.602064 -0.91) (layer F.SilkS) (width 0.12))
    (fp_line (start 1.6 0.8) (end -1.6 0.8) (layer F.Fab) (width 0.1))
    (fp_line (start 1.6 -0.8) (end 1.6 0.8) (layer F.Fab) (width 0.1))
    (fp_line (start -1.6 -0.8) (end 1.6 -0.8) (layer F.Fab) (width 0.1))
    (fp_line (start -1.6 0.8) (end -1.6 -0.8) (layer F.Fab) (width 0.1))
    (pad 2 smd roundrect (at 1.4 0 180) (size 1.25 1.75) (layers F.Cu F.Paste F.Mask) (roundrect_rratio 0.2)
      (net 9 GNDD))
    (pad 1 smd roundrect (at -1.4 0 180) (size 1.25 1.75) (layers F.Cu F.Paste F.Mask) (roundrect_rratio 0.2)
      (net 10 +3V3))
    (model ${KISYS3DMOD}/Capacitor_SMD.3dshapes/C_1206_3216Metric.wrl
      (at (xyz 0 0 0))
      (scale (xyz 1 1 1))
      (rotate (xyz 0 0 0))
    )
  )

  (module Capacitor_SMD:C_1206_3216Metric (layer F.Cu) (tedit 5B301BBE) (tstamp 5C56E5B5)
    (at 166.5 129.54)
    (descr "Capacitor SMD 1206 (3216 Metric), square (rectangular) end terminal, IPC_7351 nominal, (Body size source: http://www.tortai-tech.com/upload/download/2011102023233369053.pdf), generated with kicad-footprint-generator")
    (tags capacitor)
    (path /5C19B1FC)
    (attr smd)
    (fp_text reference C2 (at 0 -1.985006) (layer F.SilkS)
      (effects (font (size 1 1) (thickness 0.15)))
    )
    (fp_text value 2.2 (at 0 1.82) (layer F.Fab)
      (effects (font (size 1 1) (thickness 0.15)))
    )
    (fp_line (start -1.6 0.8) (end -1.6 -0.8) (layer F.Fab) (width 0.1))
    (fp_line (start -1.6 -0.8) (end 1.6 -0.8) (layer F.Fab) (width 0.1))
    (fp_line (start 1.6 -0.8) (end 1.6 0.8) (layer F.Fab) (width 0.1))
    (fp_line (start 1.6 0.8) (end -1.6 0.8) (layer F.Fab) (width 0.1))
    (fp_line (start -0.602064 -0.91) (end 0.602064 -0.91) (layer F.SilkS) (width 0.12))
    (fp_line (start -0.602064 0.91) (end 0.602064 0.91) (layer F.SilkS) (width 0.12))
    (fp_line (start -2.28 1.12) (end -2.28 -1.12) (layer F.CrtYd) (width 0.05))
    (fp_line (start -2.28 -1.12) (end 2.28 -1.12) (layer F.CrtYd) (width 0.05))
    (fp_line (start 2.28 -1.12) (end 2.28 1.12) (layer F.CrtYd) (width 0.05))
    (fp_line (start 2.28 1.12) (end -2.28 1.12) (layer F.CrtYd) (width 0.05))
    (fp_text user %R (at 0 0) (layer F.Fab)
      (effects (font (size 0.8 0.8) (thickness 0.12)))
    )
    (pad 1 smd roundrect (at -1.4 0) (size 1.25 1.75) (layers F.Cu F.Paste F.Mask) (roundrect_rratio 0.2)
      (net 41 "Net-(C2-Pad1)"))
    (pad 2 smd roundrect (at 1.4 0) (size 1.25 1.75) (layers F.Cu F.Paste F.Mask) (roundrect_rratio 0.2)
      (net 42 "Net-(C2-Pad2)"))
    (model ${KISYS3DMOD}/Capacitor_SMD.3dshapes/C_1206_3216Metric.wrl
      (at (xyz 0 0 0))
      (scale (xyz 1 1 1))
      (rotate (xyz 0 0 0))
    )
  )

  (module Capacitor_SMD:C_1206_3216Metric (layer F.Cu) (tedit 5B301BBE) (tstamp 5C56E5C6)
    (at 166.5 119.38)
    (descr "Capacitor SMD 1206 (3216 Metric), square (rectangular) end terminal, IPC_7351 nominal, (Body size source: http://www.tortai-tech.com/upload/download/2011102023233369053.pdf), generated with kicad-footprint-generator")
    (tags capacitor)
    (path /5C1CAA4F)
    (attr smd)
    (fp_text reference C3 (at 0 1.985006) (layer F.SilkS)
      (effects (font (size 1 1) (thickness 0.15)))
    )
    (fp_text value 2.2 (at 0 1.82) (layer F.Fab)
      (effects (font (size 1 1) (thickness 0.15)))
    )
    (fp_text user %R (at 0 0) (layer F.Fab)
      (effects (font (size 0.8 0.8) (thickness 0.12)))
    )
    (fp_line (start 2.28 1.12) (end -2.28 1.12) (layer F.CrtYd) (width 0.05))
    (fp_line (start 2.28 -1.12) (end 2.28 1.12) (layer F.CrtYd) (width 0.05))
    (fp_line (start -2.28 -1.12) (end 2.28 -1.12) (layer F.CrtYd) (width 0.05))
    (fp_line (start -2.28 1.12) (end -2.28 -1.12) (layer F.CrtYd) (width 0.05))
    (fp_line (start -0.602064 0.91) (end 0.602064 0.91) (layer F.SilkS) (width 0.12))
    (fp_line (start -0.602064 -0.91) (end 0.602064 -0.91) (layer F.SilkS) (width 0.12))
    (fp_line (start 1.6 0.8) (end -1.6 0.8) (layer F.Fab) (width 0.1))
    (fp_line (start 1.6 -0.8) (end 1.6 0.8) (layer F.Fab) (width 0.1))
    (fp_line (start -1.6 -0.8) (end 1.6 -0.8) (layer F.Fab) (width 0.1))
    (fp_line (start -1.6 0.8) (end -1.6 -0.8) (layer F.Fab) (width 0.1))
    (pad 2 smd roundrect (at 1.4 0) (size 1.25 1.75) (layers F.Cu F.Paste F.Mask) (roundrect_rratio 0.2)
      (net 43 "Net-(C3-Pad2)"))
    (pad 1 smd roundrect (at -1.4 0) (size 1.25 1.75) (layers F.Cu F.Paste F.Mask) (roundrect_rratio 0.2)
      (net 44 "Net-(C3-Pad1)"))
    (model ${KISYS3DMOD}/Capacitor_SMD.3dshapes/C_1206_3216Metric.wrl
      (at (xyz 0 0 0))
      (scale (xyz 1 1 1))
      (rotate (xyz 0 0 0))
    )
  )

  (module Capacitor_SMD:C_1206_3216Metric (layer F.Cu) (tedit 5B301BBE) (tstamp 5C56E5D7)
    (at 127 128.4 270)
    (descr "Capacitor SMD 1206 (3216 Metric), square (rectangular) end terminal, IPC_7351 nominal, (Body size source: http://www.tortai-tech.com/upload/download/2011102023233369053.pdf), generated with kicad-footprint-generator")
    (tags capacitor)
    (path /5CBDA9D5)
    (attr smd)
    (fp_text reference C4 (at 3.68 0 270) (layer F.SilkS)
      (effects (font (size 1 1) (thickness 0.15)))
    )
    (fp_text value 20p (at 0 1.82 270) (layer F.Fab)
      (effects (font (size 1 1) (thickness 0.15)))
    )
    (fp_line (start -1.6 0.8) (end -1.6 -0.8) (layer F.Fab) (width 0.1))
    (fp_line (start -1.6 -0.8) (end 1.6 -0.8) (layer F.Fab) (width 0.1))
    (fp_line (start 1.6 -0.8) (end 1.6 0.8) (layer F.Fab) (width 0.1))
    (fp_line (start 1.6 0.8) (end -1.6 0.8) (layer F.Fab) (width 0.1))
    (fp_line (start -0.602064 -0.91) (end 0.602064 -0.91) (layer F.SilkS) (width 0.12))
    (fp_line (start -0.602064 0.91) (end 0.602064 0.91) (layer F.SilkS) (width 0.12))
    (fp_line (start -2.28 1.12) (end -2.28 -1.12) (layer F.CrtYd) (width 0.05))
    (fp_line (start -2.28 -1.12) (end 2.28 -1.12) (layer F.CrtYd) (width 0.05))
    (fp_line (start 2.28 -1.12) (end 2.28 1.12) (layer F.CrtYd) (width 0.05))
    (fp_line (start 2.28 1.12) (end -2.28 1.12) (layer F.CrtYd) (width 0.05))
    (fp_text user %R (at 0 0 270) (layer F.Fab)
      (effects (font (size 0.8 0.8) (thickness 0.12)))
    )
    (pad 1 smd roundrect (at -1.4 0 270) (size 1.25 1.75) (layers F.Cu F.Paste F.Mask) (roundrect_rratio 0.2)
      (net 45 /OSC_IN))
    (pad 2 smd roundrect (at 1.4 0 270) (size 1.25 1.75) (layers F.Cu F.Paste F.Mask) (roundrect_rratio 0.2)
      (net 9 GNDD))
    (model ${KISYS3DMOD}/Capacitor_SMD.3dshapes/C_1206_3216Metric.wrl
      (at (xyz 0 0 0))
      (scale (xyz 1 1 1))
      (rotate (xyz 0 0 0))
    )
  )

  (module Capacitor_SMD:C_1206_3216Metric (layer F.Cu) (tedit 5B301BBE) (tstamp 5C5AD4A5)
    (at 130.81 128.4 90)
    (descr "Capacitor SMD 1206 (3216 Metric), square (rectangular) end terminal, IPC_7351 nominal, (Body size source: http://www.tortai-tech.com/upload/download/2011102023233369053.pdf), generated with kicad-footprint-generator")
    (tags capacitor)
    (path /5CBDA9CE)
    (attr smd)
    (fp_text reference C5 (at -3.68 0 90) (layer F.SilkS)
      (effects (font (size 1 1) (thickness 0.15)))
    )
    (fp_text value 20p (at 0 1.82 90) (layer F.Fab)
      (effects (font (size 1 1) (thickness 0.15)))
    )
    (fp_line (start -1.6 0.8) (end -1.6 -0.8) (layer F.Fab) (width 0.1))
    (fp_line (start -1.6 -0.8) (end 1.6 -0.8) (layer F.Fab) (width 0.1))
    (fp_line (start 1.6 -0.8) (end 1.6 0.8) (layer F.Fab) (width 0.1))
    (fp_line (start 1.6 0.8) (end -1.6 0.8) (layer F.Fab) (width 0.1))
    (fp_line (start -0.602064 -0.91) (end 0.602064 -0.91) (layer F.SilkS) (width 0.12))
    (fp_line (start -0.602064 0.91) (end 0.602064 0.91) (layer F.SilkS) (width 0.12))
    (fp_line (start -2.28 1.12) (end -2.28 -1.12) (layer F.CrtYd) (width 0.05))
    (fp_line (start -2.28 -1.12) (end 2.28 -1.12) (layer F.CrtYd) (width 0.05))
    (fp_line (start 2.28 -1.12) (end 2.28 1.12) (layer F.CrtYd) (width 0.05))
    (fp_line (start 2.28 1.12) (end -2.28 1.12) (layer F.CrtYd) (width 0.05))
    (fp_text user %R (at 0 0 90) (layer F.Fab)
      (effects (font (size 0.8 0.8) (thickness 0.12)))
    )
    (pad 1 smd roundrect (at -1.4 0 90) (size 1.25 1.75) (layers F.Cu F.Paste F.Mask) (roundrect_rratio 0.2)
      (net 9 GNDD))
    (pad 2 smd roundrect (at 1.4 0 90) (size 1.25 1.75) (layers F.Cu F.Paste F.Mask) (roundrect_rratio 0.2)
      (net 46 /OSC_OUT))
    (model ${KISYS3DMOD}/Capacitor_SMD.3dshapes/C_1206_3216Metric.wrl
      (at (xyz 0 0 0))
      (scale (xyz 1 1 1))
      (rotate (xyz 0 0 0))
    )
  )

  (module Capacitor_SMD:C_1206_3216Metric (layer F.Cu) (tedit 5B301BBE) (tstamp 5C5B349D)
    (at 118.488 128.4 270)
    (descr "Capacitor SMD 1206 (3216 Metric), square (rectangular) end terminal, IPC_7351 nominal, (Body size source: http://www.tortai-tech.com/upload/download/2011102023233369053.pdf), generated with kicad-footprint-generator")
    (tags capacitor)
    (path /5C12CD53)
    (attr smd)
    (fp_text reference C6 (at 3.81 0 270) (layer F.SilkS)
      (effects (font (size 1 1) (thickness 0.15)))
    )
    (fp_text value 6p2 (at 0 1.82 270) (layer F.Fab)
      (effects (font (size 1 1) (thickness 0.15)))
    )
    (fp_text user %R (at 0 0 270) (layer F.Fab)
      (effects (font (size 0.8 0.8) (thickness 0.12)))
    )
    (fp_line (start 2.28 1.12) (end -2.28 1.12) (layer F.CrtYd) (width 0.05))
    (fp_line (start 2.28 -1.12) (end 2.28 1.12) (layer F.CrtYd) (width 0.05))
    (fp_line (start -2.28 -1.12) (end 2.28 -1.12) (layer F.CrtYd) (width 0.05))
    (fp_line (start -2.28 1.12) (end -2.28 -1.12) (layer F.CrtYd) (width 0.05))
    (fp_line (start -0.602064 0.91) (end 0.602064 0.91) (layer F.SilkS) (width 0.12))
    (fp_line (start -0.602064 -0.91) (end 0.602064 -0.91) (layer F.SilkS) (width 0.12))
    (fp_line (start 1.6 0.8) (end -1.6 0.8) (layer F.Fab) (width 0.1))
    (fp_line (start 1.6 -0.8) (end 1.6 0.8) (layer F.Fab) (width 0.1))
    (fp_line (start -1.6 -0.8) (end 1.6 -0.8) (layer F.Fab) (width 0.1))
    (fp_line (start -1.6 0.8) (end -1.6 -0.8) (layer F.Fab) (width 0.1))
    (pad 2 smd roundrect (at 1.4 0 270) (size 1.25 1.75) (layers F.Cu F.Paste F.Mask) (roundrect_rratio 0.2)
      (net 9 GNDD))
    (pad 1 smd roundrect (at -1.4 0 270) (size 1.25 1.75) (layers F.Cu F.Paste F.Mask) (roundrect_rratio 0.2)
      (net 47 /OSC32_IN))
    (model ${KISYS3DMOD}/Capacitor_SMD.3dshapes/C_1206_3216Metric.wrl
      (at (xyz 0 0 0))
      (scale (xyz 1 1 1))
      (rotate (xyz 0 0 0))
    )
  )

  (module Capacitor_SMD:C_1206_3216Metric (layer F.Cu) (tedit 5B301BBE) (tstamp 5C56E60A)
    (at 121.92 128.4 90)
    (descr "Capacitor SMD 1206 (3216 Metric), square (rectangular) end terminal, IPC_7351 nominal, (Body size source: http://www.tortai-tech.com/upload/download/2011102023233369053.pdf), generated with kicad-footprint-generator")
    (tags capacitor)
    (path /5C12CD09)
    (attr smd)
    (fp_text reference C7 (at -3.81 0 90) (layer F.SilkS)
      (effects (font (size 1 1) (thickness 0.15)))
    )
    (fp_text value 6p2 (at 0 1.82 90) (layer F.Fab)
      (effects (font (size 1 1) (thickness 0.15)))
    )
    (fp_line (start -1.6 0.8) (end -1.6 -0.8) (layer F.Fab) (width 0.1))
    (fp_line (start -1.6 -0.8) (end 1.6 -0.8) (layer F.Fab) (width 0.1))
    (fp_line (start 1.6 -0.8) (end 1.6 0.8) (layer F.Fab) (width 0.1))
    (fp_line (start 1.6 0.8) (end -1.6 0.8) (layer F.Fab) (width 0.1))
    (fp_line (start -0.602064 -0.91) (end 0.602064 -0.91) (layer F.SilkS) (width 0.12))
    (fp_line (start -0.602064 0.91) (end 0.602064 0.91) (layer F.SilkS) (width 0.12))
    (fp_line (start -2.28 1.12) (end -2.28 -1.12) (layer F.CrtYd) (width 0.05))
    (fp_line (start -2.28 -1.12) (end 2.28 -1.12) (layer F.CrtYd) (width 0.05))
    (fp_line (start 2.28 -1.12) (end 2.28 1.12) (layer F.CrtYd) (width 0.05))
    (fp_line (start 2.28 1.12) (end -2.28 1.12) (layer F.CrtYd) (width 0.05))
    (fp_text user %R (at 0 0 90) (layer F.Fab)
      (effects (font (size 0.8 0.8) (thickness 0.12)))
    )
    (pad 1 smd roundrect (at -1.4 0 90) (size 1.25 1.75) (layers F.Cu F.Paste F.Mask) (roundrect_rratio 0.2)
      (net 9 GNDD))
    (pad 2 smd roundrect (at 1.4 0 90) (size 1.25 1.75) (layers F.Cu F.Paste F.Mask) (roundrect_rratio 0.2)
      (net 48 /OSC32_OUT))
    (model ${KISYS3DMOD}/Capacitor_SMD.3dshapes/C_1206_3216Metric.wrl
      (at (xyz 0 0 0))
      (scale (xyz 1 1 1))
      (rotate (xyz 0 0 0))
    )
  )

  (module Capacitor_Tantalum_SMD:CP_EIA-6032-28_Kemet-C (layer F.Cu) (tedit 5B301BBE) (tstamp 5C5C7E4E)
    (at 144.78 86.36 180)
    (descr "Tantalum Capacitor SMD Kemet-C (6032-28 Metric), IPC_7351 nominal, (Body size from: http://www.kemet.com/Lists/ProductCatalog/Attachments/253/KEM_TC101_STD.pdf), generated with kicad-footprint-generator")
    (tags "capacitor tantalum")
    (path /5C9A678D)
    (attr smd)
    (fp_text reference C8 (at 0 -2.55 180) (layer F.SilkS)
      (effects (font (size 1 1) (thickness 0.15)))
    )
    (fp_text value 22.0 (at 0 2.55 180) (layer F.Fab)
      (effects (font (size 1 1) (thickness 0.15)))
    )
    (fp_text user %R (at 0 0 180) (layer F.Fab)
      (effects (font (size 1 1) (thickness 0.15)))
    )
    (fp_line (start 3.75 1.85) (end -3.75 1.85) (layer F.CrtYd) (width 0.05))
    (fp_line (start 3.75 -1.85) (end 3.75 1.85) (layer F.CrtYd) (width 0.05))
    (fp_line (start -3.75 -1.85) (end 3.75 -1.85) (layer F.CrtYd) (width 0.05))
    (fp_line (start -3.75 1.85) (end -3.75 -1.85) (layer F.CrtYd) (width 0.05))
    (fp_line (start -3.76 1.71) (end 3 1.71) (layer F.SilkS) (width 0.12))
    (fp_line (start -3.76 -1.71) (end -3.76 1.71) (layer F.SilkS) (width 0.12))
    (fp_line (start 3 -1.71) (end -3.76 -1.71) (layer F.SilkS) (width 0.12))
    (fp_line (start 3 1.6) (end 3 -1.6) (layer F.Fab) (width 0.1))
    (fp_line (start -3 1.6) (end 3 1.6) (layer F.Fab) (width 0.1))
    (fp_line (start -3 -0.8) (end -3 1.6) (layer F.Fab) (width 0.1))
    (fp_line (start -2.2 -1.6) (end -3 -0.8) (layer F.Fab) (width 0.1))
    (fp_line (start 3 -1.6) (end -2.2 -1.6) (layer F.Fab) (width 0.1))
    (pad 2 smd roundrect (at 2.4625 0 180) (size 2.075 2.35) (layers F.Cu F.Paste F.Mask) (roundrect_rratio 0.120482)
      (net 9 GNDD))
    (pad 1 smd roundrect (at -2.4625 0 180) (size 2.075 2.35) (layers F.Cu F.Paste F.Mask) (roundrect_rratio 0.120482)
      (net 49 +5V))
    (model ${KISYS3DMOD}/Capacitor_Tantalum_SMD.3dshapes/CP_EIA-6032-28_Kemet-C.wrl
      (at (xyz 0 0 0))
      (scale (xyz 1 1 1))
      (rotate (xyz 0 0 0))
    )
  )

  (module Capacitor_SMD:C_1206_3216Metric (layer F.Cu) (tedit 5B301BBE) (tstamp 5C5EAE44)
    (at 160.02 83.82 90)
    (descr "Capacitor SMD 1206 (3216 Metric), square (rectangular) end terminal, IPC_7351 nominal, (Body size source: http://www.tortai-tech.com/upload/download/2011102023233369053.pdf), generated with kicad-footprint-generator")
    (tags capacitor)
    (path /5C99887D)
    (attr smd)
    (fp_text reference C9 (at 3.81 0 90) (layer F.SilkS)
      (effects (font (size 1 1) (thickness 0.15)))
    )
    (fp_text value 0.1 (at 0 1.82 90) (layer F.Fab)
      (effects (font (size 1 1) (thickness 0.15)))
    )
    (fp_line (start -1.6 0.8) (end -1.6 -0.8) (layer F.Fab) (width 0.1))
    (fp_line (start -1.6 -0.8) (end 1.6 -0.8) (layer F.Fab) (width 0.1))
    (fp_line (start 1.6 -0.8) (end 1.6 0.8) (layer F.Fab) (width 0.1))
    (fp_line (start 1.6 0.8) (end -1.6 0.8) (layer F.Fab) (width 0.1))
    (fp_line (start -0.602064 -0.91) (end 0.602064 -0.91) (layer F.SilkS) (width 0.12))
    (fp_line (start -0.602064 0.91) (end 0.602064 0.91) (layer F.SilkS) (width 0.12))
    (fp_line (start -2.28 1.12) (end -2.28 -1.12) (layer F.CrtYd) (width 0.05))
    (fp_line (start -2.28 -1.12) (end 2.28 -1.12) (layer F.CrtYd) (width 0.05))
    (fp_line (start 2.28 -1.12) (end 2.28 1.12) (layer F.CrtYd) (width 0.05))
    (fp_line (start 2.28 1.12) (end -2.28 1.12) (layer F.CrtYd) (width 0.05))
    (fp_text user %R (at 0 0 90) (layer F.Fab)
      (effects (font (size 0.8 0.8) (thickness 0.12)))
    )
    (pad 1 smd roundrect (at -1.4 0 90) (size 1.25 1.75) (layers F.Cu F.Paste F.Mask) (roundrect_rratio 0.2)
      (net 9 GNDD))
    (pad 2 smd roundrect (at 1.4 0 90) (size 1.25 1.75) (layers F.Cu F.Paste F.Mask) (roundrect_rratio 0.2)
      (net 49 +5V))
    (model ${KISYS3DMOD}/Capacitor_SMD.3dshapes/C_1206_3216Metric.wrl
      (at (xyz 0 0 0))
      (scale (xyz 1 1 1))
      (rotate (xyz 0 0 0))
    )
  )

  (module Capacitor_SMD:C_1206_3216Metric (layer F.Cu) (tedit 5B301BBE) (tstamp 5C56E63F)
    (at 140.97 102.87 180)
    (descr "Capacitor SMD 1206 (3216 Metric), square (rectangular) end terminal, IPC_7351 nominal, (Body size source: http://www.tortai-tech.com/upload/download/2011102023233369053.pdf), generated with kicad-footprint-generator")
    (tags capacitor)
    (path /5D905B28)
    (attr smd)
    (fp_text reference C10 (at 0 -1.82 180) (layer F.SilkS)
      (effects (font (size 1 1) (thickness 0.15)))
    )
    (fp_text value 0.1 (at 0 1.82 180) (layer F.Fab)
      (effects (font (size 1 1) (thickness 0.15)))
    )
    (fp_line (start -1.6 0.8) (end -1.6 -0.8) (layer F.Fab) (width 0.1))
    (fp_line (start -1.6 -0.8) (end 1.6 -0.8) (layer F.Fab) (width 0.1))
    (fp_line (start 1.6 -0.8) (end 1.6 0.8) (layer F.Fab) (width 0.1))
    (fp_line (start 1.6 0.8) (end -1.6 0.8) (layer F.Fab) (width 0.1))
    (fp_line (start -0.602064 -0.91) (end 0.602064 -0.91) (layer F.SilkS) (width 0.12))
    (fp_line (start -0.602064 0.91) (end 0.602064 0.91) (layer F.SilkS) (width 0.12))
    (fp_line (start -2.28 1.12) (end -2.28 -1.12) (layer F.CrtYd) (width 0.05))
    (fp_line (start -2.28 -1.12) (end 2.28 -1.12) (layer F.CrtYd) (width 0.05))
    (fp_line (start 2.28 -1.12) (end 2.28 1.12) (layer F.CrtYd) (width 0.05))
    (fp_line (start 2.28 1.12) (end -2.28 1.12) (layer F.CrtYd) (width 0.05))
    (fp_text user %R (at 0 0 180) (layer F.Fab)
      (effects (font (size 0.8 0.8) (thickness 0.12)))
    )
    (pad 1 smd roundrect (at -1.4 0 180) (size 1.25 1.75) (layers F.Cu F.Paste F.Mask) (roundrect_rratio 0.2)
      (net 9 GNDD))
    (pad 2 smd roundrect (at 1.4 0 180) (size 1.25 1.75) (layers F.Cu F.Paste F.Mask) (roundrect_rratio 0.2)
      (net 10 +3V3))
    (model ${KISYS3DMOD}/Capacitor_SMD.3dshapes/C_1206_3216Metric.wrl
      (at (xyz 0 0 0))
      (scale (xyz 1 1 1))
      (rotate (xyz 0 0 0))
    )
  )

  (module Capacitor_SMD:C_1206_3216Metric (layer F.Cu) (tedit 5B301BBE) (tstamp 5C597F13)
    (at 123.19 114.3)
    (descr "Capacitor SMD 1206 (3216 Metric), square (rectangular) end terminal, IPC_7351 nominal, (Body size source: http://www.tortai-tech.com/upload/download/2011102023233369053.pdf), generated with kicad-footprint-generator")
    (tags capacitor)
    (path /5D934755)
    (attr smd)
    (fp_text reference C11 (at 0 -1.82) (layer F.SilkS)
      (effects (font (size 1 1) (thickness 0.15)))
    )
    (fp_text value 0.1 (at 0 1.82) (layer F.Fab)
      (effects (font (size 1 1) (thickness 0.15)))
    )
    (fp_text user %R (at 0 0) (layer F.Fab)
      (effects (font (size 0.8 0.8) (thickness 0.12)))
    )
    (fp_line (start 2.28 1.12) (end -2.28 1.12) (layer F.CrtYd) (width 0.05))
    (fp_line (start 2.28 -1.12) (end 2.28 1.12) (layer F.CrtYd) (width 0.05))
    (fp_line (start -2.28 -1.12) (end 2.28 -1.12) (layer F.CrtYd) (width 0.05))
    (fp_line (start -2.28 1.12) (end -2.28 -1.12) (layer F.CrtYd) (width 0.05))
    (fp_line (start -0.602064 0.91) (end 0.602064 0.91) (layer F.SilkS) (width 0.12))
    (fp_line (start -0.602064 -0.91) (end 0.602064 -0.91) (layer F.SilkS) (width 0.12))
    (fp_line (start 1.6 0.8) (end -1.6 0.8) (layer F.Fab) (width 0.1))
    (fp_line (start 1.6 -0.8) (end 1.6 0.8) (layer F.Fab) (width 0.1))
    (fp_line (start -1.6 -0.8) (end 1.6 -0.8) (layer F.Fab) (width 0.1))
    (fp_line (start -1.6 0.8) (end -1.6 -0.8) (layer F.Fab) (width 0.1))
    (pad 2 smd roundrect (at 1.4 0) (size 1.25 1.75) (layers F.Cu F.Paste F.Mask) (roundrect_rratio 0.2)
      (net 10 +3V3))
    (pad 1 smd roundrect (at -1.4 0) (size 1.25 1.75) (layers F.Cu F.Paste F.Mask) (roundrect_rratio 0.2)
      (net 9 GNDD))
    (model ${KISYS3DMOD}/Capacitor_SMD.3dshapes/C_1206_3216Metric.wrl
      (at (xyz 0 0 0))
      (scale (xyz 1 1 1))
      (rotate (xyz 0 0 0))
    )
  )

  (module Capacitor_SMD:C_1206_3216Metric (layer F.Cu) (tedit 5B301BBE) (tstamp 5C56E661)
    (at 160.02 90.17 270)
    (descr "Capacitor SMD 1206 (3216 Metric), square (rectangular) end terminal, IPC_7351 nominal, (Body size source: http://www.tortai-tech.com/upload/download/2011102023233369053.pdf), generated with kicad-footprint-generator")
    (tags capacitor)
    (path /5C9A6853)
    (attr smd)
    (fp_text reference C12 (at -3.81 0 270) (layer F.SilkS)
      (effects (font (size 1 1) (thickness 0.15)))
    )
    (fp_text value 0.1 (at 0 1.82 270) (layer F.Fab)
      (effects (font (size 1 1) (thickness 0.15)))
    )
    (fp_text user %R (at 0 0 270) (layer F.Fab)
      (effects (font (size 0.8 0.8) (thickness 0.12)))
    )
    (fp_line (start 2.28 1.12) (end -2.28 1.12) (layer F.CrtYd) (width 0.05))
    (fp_line (start 2.28 -1.12) (end 2.28 1.12) (layer F.CrtYd) (width 0.05))
    (fp_line (start -2.28 -1.12) (end 2.28 -1.12) (layer F.CrtYd) (width 0.05))
    (fp_line (start -2.28 1.12) (end -2.28 -1.12) (layer F.CrtYd) (width 0.05))
    (fp_line (start -0.602064 0.91) (end 0.602064 0.91) (layer F.SilkS) (width 0.12))
    (fp_line (start -0.602064 -0.91) (end 0.602064 -0.91) (layer F.SilkS) (width 0.12))
    (fp_line (start 1.6 0.8) (end -1.6 0.8) (layer F.Fab) (width 0.1))
    (fp_line (start 1.6 -0.8) (end 1.6 0.8) (layer F.Fab) (width 0.1))
    (fp_line (start -1.6 -0.8) (end 1.6 -0.8) (layer F.Fab) (width 0.1))
    (fp_line (start -1.6 0.8) (end -1.6 -0.8) (layer F.Fab) (width 0.1))
    (pad 2 smd roundrect (at 1.4 0 270) (size 1.25 1.75) (layers F.Cu F.Paste F.Mask) (roundrect_rratio 0.2)
      (net 10 +3V3))
    (pad 1 smd roundrect (at -1.4 0 270) (size 1.25 1.75) (layers F.Cu F.Paste F.Mask) (roundrect_rratio 0.2)
      (net 9 GNDD))
